0,1:[[-76.9274195, 38.8467687], [-76.9269345, 38.8464896], [-76.93086009999999, 38.8432841], [-76.9971853, 38.8621893], [-76.996425, 38.862872], [-76.9914077, 38.8661801], [-76.98884439999999, 38.8710507], [-77.01539269999999, 38.8824991], [-77.02243059999999, 38.8825934], [-77.0262071, 38.8827807], [-77.02803879999999, 38.8920854], [-77.0280768, 38.904319], [-77.03455939999999, 38.9065896], [-77.0345371, 38.9170072], [38.9170041, -77.0354021]]
0,2:[[-76.9274195, 38.8467687], [-76.9269345, 38.8464896], [-76.93086009999999, 38.8432841], [-76.9971853, 38.8621893], [-76.996425, 38.862872], [-76.9914077, 38.8661801], [-76.98884439999999, 38.8710507], [-77.0075827, 38.8812867], [-77.0120718, 38.8833099], [-77.0140301, 38.8948667], [-77.0136787, 38.89868269999999], [-77.0136658, 38.8992379], [38.8980512, -77.01047969999999]]
0,3:[[-76.9274195, 38.8467687], [-76.9269345, 38.8464896], [-76.93086009999999, 38.8432841], [-76.9971853, 38.8621893], [-76.996425, 38.862872], [-76.9914077, 38.8661801], [-76.98884439999999, 38.8710507], [-77.01539269999999, 38.8824991], [-77.02243059999999, 38.8825934], [-77.03071369999999, 38.8829301], [-77.0372118, 38.8875843], [-77.0387413, 38.8879587], [-77.03946719999999, 38.89878119999999], [-77.0448993, 38.900712], [-77.0448995, 38.9101404], [-77.0487043, 38.9114672], [38.9127553, -77.0474709]]
0,4:[[-76.9274195, 38.8467687], [-76.9269345, 38.8464896], [-76.93086009999999, 38.8432841], [-76.9971853, 38.8621893], [-76.996425, 38.862872], [-76.9914077, 38.8661801], [-76.98884439999999, 38.8710507], [-77.01539269999999, 38.8824991], [-77.02243059999999, 38.8825934], [-77.03071369999999, 38.8829301], [-77.0372118, 38.8875843], [-77.0501147, 38.8872228], [-77.05203399999999, 38.890592], [-77.0519758, 38.8908908], [-77.05245219999999, 38.8917806], [-77.0537925, 38.8953472], [-77.0549175, 38.9006841], [-77.0558665, 38.90159149999999], [-77.05610420000001, 38.9025256], [-77.0627556, 38.9025793], [38.9043801, -77.06278979999999]]
0,5:[[-76.9274195, 38.8467687], [-76.9269345, 38.8464896], [-76.93086009999999, 38.8432841], [-76.9971853, 38.8621893], [-76.996425, 38.862872], [-76.9914077, 38.8661801], [-76.98884439999999, 38.8710507], [-77.01539269999999, 38.8824991], [-77.02243059999999, 38.8825934], [-77.03071369999999, 38.8829301], [-77.0334654, 38.8843582], [-77.0336334, 38.9024022], [38.904168, -77.0328182]]
0,6:[[-76.9274195, 38.8467687], [-76.9269345, 38.8464896], [-76.93086009999999, 38.8432841], [-76.9971853, 38.8621893], [-76.996425, 38.862872], [-76.9914077, 38.8661801], [-76.98884439999999, 38.8710507], [-77.01539269999999, 38.8824991], [-77.02243059999999, 38.8825934], [-77.0262071, 38.8827807], [-77.02803879999999, 38.8920854], [-77.0280484, 38.8973508], [-77.0259892, 38.897348], [38.8968326, -77.02598960000002]]
0,7:[[-76.9274195, 38.8467687], [-76.9269345, 38.8464896], [-76.93086009999999, 38.8432841], [-76.9971853, 38.8621893], [-76.996425, 38.862872], [-76.9914077, 38.8661801], [-76.98884439999999, 38.8710507], [-77.01539269999999, 38.8824991], [-77.02243059999999, 38.8825934], [-77.03071369999999, 38.8829301], [-77.0334654, 38.8843582], [38.9004885, -77.03363499999999]]
0,8:[[-76.9274195, 38.8467687], [-76.9269345, 38.8464896], [-76.93086009999999, 38.8432841], [-76.9971853, 38.8621893], [-76.996425, 38.862872], [-76.9914077, 38.8661801], [-76.98884439999999, 38.8710507], [-77.01539269999999, 38.8824991], [-77.04963459999999, 38.8676077], [-77.06756659999999, 38.8925797], [-77.0707722, 38.8951611], [-77.07076119999999, 38.9005254], [-77.0686314, 38.905055], [-77.0660393, 38.9051146], [-77.0660781, 38.9068073], [-77.0703017, 38.906715], [38.9060768, -77.070283]]
0,9:[[-76.9274195, 38.8467687], [-76.9269345, 38.8464896], [-76.93086009999999, 38.8432841], [-76.9971853, 38.8621893], [-76.996425, 38.862872], [-76.9914077, 38.8661801], [-76.98884439999999, 38.8710507], [-77.01539269999999, 38.8824991], [-77.02243059999999, 38.8825934], [-77.0262071, 38.8827807], [-77.02803879999999, 38.8920854], [-77.031964, 38.8920863], [38.9029264, -77.0318873]]
1,0:[[-77.0354021, 38.9170041], [-77.0361771, 38.9170037], [-77.0365673, 38.9088544], [-77.0367524, 38.90746300000001], [-77.02398629999999, 38.9029284], [-77.0221461, 38.9029543], [-77.0161852, 38.9048154], [-77.0127273, 38.8848797], [-77.0112551, 38.88203000000001], [-77.0026781, 38.8653314], [-76.93141829999999, 38.8418314], [-76.9322955, 38.8423139], [-76.9267912, 38.846397], [38.8467687, -76.9274195]]
1,2:[[-77.0354021, 38.9170041], [-77.0239606, 38.9169828], [-77.0091022, 38.9108141], [-77.00912559999999, 38.8975555], [38.8980512, -77.01047969999999]]
1,3:[[-77.0354021, 38.9170041], [-77.0411951, 38.9170225], [38.9127553, -77.0474709]]
1,4:[[-77.0354021, 38.9170041], [-77.0411951, 38.9170225], [-77.04887459999999, 38.9111301], [-77.05820190000001, 38.910529], [-77.0581227, 38.906851], [-77.063036, 38.90683490000001], [38.9043801, -77.06278979999999]]
1,5:[[-77.0354021, 38.9170041], [-77.0319646, 38.91701390000001], [-77.0321336, 38.90596439999999], [-77.03226769999999, 38.9053288], [38.904168, -77.0328182]]
1,6:[[-77.0354021, 38.9170041], [-77.0361771, 38.9170037], [-77.0365673, 38.9088544], [-77.0367524, 38.90746300000001], [-77.0259846, 38.9035747], [38.8968326, -77.02598960000002]]
1,7:[[-77.0354021, 38.9170041], [-77.0361771, 38.9170037], [-77.0365436, 38.900214], [-77.0336372, 38.9002146], [38.9004885, -77.03363499999999]]
1,8:[[-77.0354021, 38.9170041], [-77.0411951, 38.9170225], [-77.04887459999999, 38.9111301], [-77.05820190000001, 38.910529], [-77.0581227, 38.906851], [-77.0703017, 38.906715], [38.9060768, -77.070283]]
1,9:[[-77.0354021, 38.9170041], [-77.0319646, 38.91701390000001], [-77.0321336, 38.90596439999999], [38.9029264, -77.0318873]]
2,0:[[-77.01047969999999, 38.8980512], [-77.0123514, 38.8988867], [-77.0128549, 38.9002022], [-77.0151271, 38.8998629], [-77.0152239, 38.8991697], [-77.0127273, 38.8848797], [-77.0112551, 38.88203000000001], [-77.0026781, 38.8653314], [-76.93141829999999, 38.8418314], [-76.9322955, 38.8423139], [-76.9267912, 38.846397], [38.8467687, -76.9274195]]
2,1:[[-77.01047969999999, 38.8980512], [-77.01617519999999, 38.9002208], [-77.0161782, 38.901325], [-77.0189402, 38.9013198], [-77.0189292, 38.9011267], [-77.0219257, 38.9020951], [-77.0219422, 38.9028967], [-77.02398629999999, 38.9029284], [-77.03455939999999, 38.9065896], [-77.0345371, 38.9170072], [38.9170041, -77.0354021]]
2,3:[[-77.01047969999999, 38.8980512], [-77.01617519999999, 38.9002208], [-77.0161782, 38.901325], [-77.0189402, 38.9013198], [-77.0189292, 38.9011267], [-77.0219257, 38.9020951], [-77.0219422, 38.9028967], [-77.02398629999999, 38.9029284], [-77.03610239999999, 38.90724700000001], [-77.0426854, 38.909475], [-77.04271899999999, 38.9095272], [-77.0441204, 38.9099739], [-77.0487043, 38.9114672], [38.9127553, -77.0474709]]
2,4:[[-77.01047969999999, 38.8980512], [-77.01617519999999, 38.9002208], [-77.0161782, 38.901325], [-77.0189402, 38.9013198], [-77.0189292, 38.9011267], [-77.0219257, 38.9020951], [-77.0239868, 38.9021603], [-77.0264963, 38.901364], [-77.0270369, 38.90135300000001], [-77.0270441, 38.902504], [-77.0305863, 38.9025245], [-77.0355399, 38.902643], [-77.0561089, 38.9026301], [-77.05610420000001, 38.9025256], [-77.0627556, 38.9025793], [38.9043801, -77.06278979999999]]
2,5:[[-77.01047969999999, 38.8980512], [-77.01617519999999, 38.9002208], [-77.0161782, 38.901325], [-77.0189402, 38.9013198], [-77.0189292, 38.9011267], [-77.0219257, 38.9020951], [-77.0239868, 38.9021603], [-77.0264963, 38.901364], [-77.0270369, 38.90135300000001], [-77.0270441, 38.902504], [-77.0305863, 38.9025245], [-77.0336356, 38.9026323], [38.904168, -77.0328182]]
2,6:[[-77.01047969999999, 38.8980512], [-77.01617519999999, 38.9002208], [-77.0161782, 38.901325], [-77.0189402, 38.9013198], [-77.01892529999999, 38.8998202], [-77.02598499999999, 38.8998131], [38.8968326, -77.02598960000002]]
2,7:[[-77.01047969999999, 38.8980512], [-77.01617519999999, 38.9002208], [-77.0161782, 38.901325], [-77.0189402, 38.9013198], [-77.0189292, 38.9011267], [-77.0219257, 38.9020951], [-77.0239868, 38.9021603], [-77.0336504, 38.8988543], [38.9004885, -77.03363499999999]]
2,8:[[-77.01047969999999, 38.8980512], [-77.01617519999999, 38.9002208], [-77.0161782, 38.901325], [-77.0189402, 38.9013198], [-77.0189292, 38.9011267], [-77.0219257, 38.9020951], [-77.0239868, 38.9021603], [-77.0264963, 38.901364], [-77.0270369, 38.90135300000001], [-77.0270441, 38.902504], [-77.0305863, 38.9025245], [-77.0355399, 38.902643], [-77.04370639999999, 38.9025277], [-77.0494404, 38.9026766], [-77.0506645, 38.9028788], [-77.0570238, 38.9049431], [-77.0570462, 38.9068628], [-77.0703017, 38.906715], [38.9060768, -77.070283]]
2,9:[[-77.01047969999999, 38.8980512], [-77.01617519999999, 38.9002208], [-77.0161782, 38.901325], [-77.0189402, 38.9013198], [-77.0189292, 38.9011267], [-77.0219257, 38.9020951], [-77.0239868, 38.9021603], [-77.0264963, 38.901364], [-77.0319035, 38.901341], [38.9029264, -77.0318873]]
3,0:[[-77.0474709, 38.9127553], [-77.04887459999999, 38.9111301], [-77.0477355, 38.9111231], [-77.0441687, 38.9097474], [-77.0427814, 38.909303], [-77.0369797, 38.9072574], [-77.02398629999999, 38.9029284], [-77.0221461, 38.9029543], [-77.0161852, 38.9048154], [-77.0127273, 38.8848797], [-77.0112551, 38.88203000000001], [-77.0026781, 38.8653314], [-76.93141829999999, 38.8418314], [-76.9322955, 38.8423139], [-76.9267912, 38.846397], [38.8467687, -76.9274195]]
3,1:[[-77.0474709, 38.9127553], [-77.0411951, 38.9170225], [38.9170041, -77.0354021]]
3,2:[[-77.0474709, 38.9127553], [-77.04887459999999, 38.9111301], [-77.0477355, 38.9111231], [-77.0441687, 38.9097474], [-77.0427814, 38.909303], [-77.0369797, 38.9072574], [-77.02398629999999, 38.9029284], [-77.0239868, 38.9021603], [-77.0219257, 38.9020951], [38.8980512, -77.01047969999999]]
3,4:[[-77.0474709, 38.9127553], [-77.04887459999999, 38.9111301], [-77.05820190000001, 38.910529], [-77.0581227, 38.906851], [-77.063036, 38.90683490000001], [38.9043801, -77.06278979999999]]
3,5:[[-77.0474709, 38.9127553], [-77.04887459999999, 38.9111301], [-77.0477355, 38.9111231], [-77.0441687, 38.9097474], [-77.0427814, 38.909303], [-77.0369797, 38.9072574], [-77.0339482, 38.9062817], [-77.0323901, 38.9056699], [-77.03226769999999, 38.9053288], [38.904168, -77.0328182]]
3,6:[[-77.0474709, 38.9127553], [-77.04887459999999, 38.9111301], [-77.0477355, 38.9111231], [-77.0441687, 38.9097474], [-77.0427814, 38.909303], [-77.0369797, 38.9072574], [-77.0259846, 38.9035747], [38.8968326, -77.02598960000002]]
3,7:[[-77.0474709, 38.9127553], [-77.04652639999999, 38.9140895], [-77.0461053, 38.9140895], [-77.0451276, 38.9123928], [-77.0395042, 38.9026462], [-77.0394529, 38.9001983], [-77.0336372, 38.9002146], [38.9004885, -77.03363499999999]]
3,8:[[-77.0474709, 38.9127553], [-77.04887459999999, 38.9111301], [-77.05820190000001, 38.910529], [-77.0581227, 38.906851], [-77.0703017, 38.906715], [38.9060768, -77.070283]]
3,9:[[-77.0474709, 38.9127553], [-77.04887459999999, 38.9111301], [-77.0477355, 38.9111231], [-77.0441687, 38.9097474], [-77.0427814, 38.909303], [-77.0369797, 38.9072574], [-77.0339482, 38.9062817], [-77.0323901, 38.9056699], [38.9029264, -77.0318873]]
4,0:[[-77.06278979999999, 38.9043801], [-77.0627556, 38.9025793], [-77.05814029999999, 38.9025485], [-77.05722620000002, 38.9018134], [-77.0551212, 38.8922823], [-77.0521177, 38.8904921], [-77.0502288, 38.8870353], [-77.0366639, 38.8869356], [-77.0310287, 38.8828612], [-77.02296969999999, 38.8822988], [-77.0181583, 38.8823579], [-76.9899106, 38.8721], [-76.9919595, 38.86582569999999], [-77.00027650000001, 38.8628414], [-76.93141829999999, 38.8418314], [-76.9322955, 38.8423139], [-76.9267912, 38.846397], [38.8467687, -76.9274195]]
4,1:[[-77.06278979999999, 38.9043801], [-77.0628078, 38.9051724], [-77.0581065, 38.905233], [-77.05820190000001, 38.910529], [-77.04887459999999, 38.9111301], [-77.0411951, 38.9170225], [38.9170041, -77.0354021]]
4,2:[[-77.06278979999999, 38.9043801], [-77.0628078, 38.9051724], [-77.05796, 38.9052288], [-77.0507751, 38.9025131], [-77.0434741, 38.9002076], [-77.01521489999999, 38.8997817], [38.8980512, -77.01047969999999]]
4,3:[[-77.06278979999999, 38.9043801], [-77.0628078, 38.9051724], [-77.0581065, 38.905233], [-77.05820190000001, 38.910529], [-77.04887459999999, 38.9111301], [38.9127553, -77.0474709]]
4,5:[[-77.06278979999999, 38.9043801], [-77.0628078, 38.9051724], [-77.05796, 38.9052288], [-77.0507751, 38.9025131], [-77.0406442, 38.902405], [-77.03363259999999, 38.9025094], [38.904168, -77.0328182]]
4,6:[[-77.06278979999999, 38.9043801], [-77.0628078, 38.9051724], [-77.05796, 38.9052288], [-77.0507751, 38.9025131], [-77.0434741, 38.9002076], [-77.02598499999999, 38.8998131], [38.8968326, -77.02598960000002]]
4,7:[[-77.06278979999999, 38.9043801], [-77.0628078, 38.9051724], [-77.05796, 38.9052288], [-77.0507751, 38.9025131], [-77.0434741, 38.9002076], [-77.0336372, 38.9002146], [38.9004885, -77.03363499999999]]
4,8:[[-77.06278979999999, 38.9043801], [-77.063036, 38.90683490000001], [-77.0703017, 38.906715], [38.9060768, -77.070283]]
4,9:[[-77.06278979999999, 38.9043801], [-77.0628078, 38.9051724], [-77.05796, 38.9052288], [-77.0507751, 38.9025131], [-77.0406442, 38.902405], [-77.03190409999999, 38.9025177], [38.9029264, -77.0318873]]
5,0:[[-77.0328182, 38.904168], [-77.0330663, 38.9037385], [-77.02651689999999, 38.903755], [-77.02398629999999, 38.9029284], [-77.0221461, 38.9029543], [-77.0161852, 38.9048154], [-77.0127273, 38.8848797], [-77.0112551, 38.88203000000001], [-77.0026781, 38.8653314], [-76.93141829999999, 38.8418314], [-76.9322955, 38.8423139], [-76.9267912, 38.846397], [38.8467687, -76.9274195]]
5,1:[[-77.0328182, 38.904168], [-77.0319031, 38.9051195], [-77.0317378, 38.9053437], [-77.03456659999999, 38.9067395], [-77.0345371, 38.9170072], [38.9170041, -77.0354021]]
5,2:[[-77.0328182, 38.904168], [-77.0330663, 38.9037385], [-77.02651689999999, 38.903755], [-77.02398629999999, 38.9029284], [-77.0239868, 38.9021603], [-77.0219257, 38.9020951], [38.8980512, -77.01047969999999]]
5,3:[[-77.0328182, 38.904168], [-77.0319031, 38.9051195], [-77.0317378, 38.9053437], [-77.0338798, 38.9063683], [-77.03610239999999, 38.90724700000001], [-77.0426854, 38.909475], [-77.04271899999999, 38.9095272], [-77.0441204, 38.9099739], [-77.0487043, 38.9114672], [38.9127553, -77.0474709]]
5,4:[[-77.0328182, 38.904168], [-77.0336356, 38.9026323], [-77.0561089, 38.9026301], [-77.05610420000001, 38.9025256], [-77.0627556, 38.9025793], [38.9043801, -77.06278979999999]]
5,6:[[-77.0328182, 38.904168], [-77.0330663, 38.9037385], [-77.0296351, 38.9037231], [-77.02964, 38.8998256], [-77.02598499999999, 38.8998131], [38.8968326, -77.02598960000002]]
5,7:[[-77.0328182, 38.904168], [-77.0336356, 38.9026323], [-77.03457039999999, 38.9025226], [-77.0345981, 38.9013274], [-77.035137, 38.90021429999999], [-77.0336372, 38.9002146], [38.9004885, -77.03363499999999]]
5,8:[[-77.0328182, 38.904168], [-77.0336356, 38.9026323], [-77.04370639999999, 38.9025277], [-77.0494404, 38.9026766], [-77.0506645, 38.9028788], [-77.0570238, 38.9049431], [-77.0570462, 38.9068628], [-77.0703017, 38.906715], [38.9060768, -77.070283]]
5,9:[[-77.0328182, 38.904168], [-77.0320639, 38.9050293], [38.9029264, -77.0318873]]
6,0:[[-77.02598960000002, 38.8968326], [-77.02599909999999, 38.8961162], [-77.01516749999999, 38.896134], [-77.01516199999999, 38.8947999], [-77.0127273, 38.8848797], [-77.0112551, 38.88203000000001], [-77.0026781, 38.8653314], [-76.93141829999999, 38.8418314], [-76.9322955, 38.8423139], [-76.9267912, 38.846397], [38.8467687, -76.9274195]]
6,1:[[-77.02598960000002, 38.8968326], [-77.02599909999999, 38.8961162], [-77.0270465, 38.8961144], [-77.0270535, 38.9039642], [-77.03455939999999, 38.9065896], [-77.0345371, 38.9170072], [38.9170041, -77.0354021]]
6,2:[[-77.02598960000002, 38.8968326], [-77.02599909999999, 38.8961162], [-77.0114309, 38.8961206], [-77.0122846, 38.8987166], [38.8980512, -77.01047969999999]]
6,3:[[-77.02598960000002, 38.8968326], [-77.02599909999999, 38.8961162], [-77.0270465, 38.8961144], [-77.0270535, 38.9039642], [-77.03610239999999, 38.90724700000001], [-77.0426854, 38.909475], [-77.04271899999999, 38.9095272], [-77.0441204, 38.9099739], [-77.0487043, 38.9114672], [38.9127553, -77.0474709]]
6,4:[[-77.02598960000002, 38.8968326], [-77.02599909999999, 38.8961162], [-77.0270465, 38.8961144], [-77.0270441, 38.902504], [-77.0305863, 38.9025245], [-77.0355399, 38.902643], [-77.0561089, 38.9026301], [-77.05610420000001, 38.9025256], [-77.0627556, 38.9025793], [38.9043801, -77.06278979999999]]
6,5:[[-77.02598960000002, 38.8968326], [-77.02599909999999, 38.8961162], [-77.0270465, 38.8961144], [-77.0270441, 38.902504], [-77.0305863, 38.9025245], [-77.0336356, 38.9026323], [38.904168, -77.0328182]]
6,7:[[-77.02598960000002, 38.8968326], [-77.025977, 38.8944245], [-77.0336308, 38.8955258], [38.9004885, -77.03363499999999]]
6,8:[[-77.02598960000002, 38.8968326], [-77.02599909999999, 38.8961162], [-77.0270465, 38.8961144], [-77.0270441, 38.902504], [-77.0305863, 38.9025245], [-77.0355399, 38.902643], [-77.04370639999999, 38.9025277], [-77.0494404, 38.9026766], [-77.0506645, 38.9028788], [-77.0570238, 38.9049431], [-77.0570462, 38.9068628], [-77.0703017, 38.906715], [38.9060768, -77.070283]]
6,9:[[-77.02598960000002, 38.8968326], [-77.02599909999999, 38.8961162], [-77.0270465, 38.8961144], [-77.0270441, 38.902504], [-77.03190409999999, 38.9025177], [38.9029264, -77.0318873]]
7,0:[[-77.03363499999999, 38.9004885], [-77.0336334, 38.9024022], [-77.0296374, 38.9025147], [-77.0296127, 38.8954582], [-77.02398, 38.89387], [-77.0239884, 38.8920749], [-77.02400779999999, 38.8830196], [-77.0181583, 38.8823579], [-76.9899106, 38.8721], [-76.9919595, 38.86582569999999], [-77.00027650000001, 38.8628414], [-76.93141829999999, 38.8418314], [-76.9322955, 38.8423139], [-76.9267912, 38.846397], [38.8467687, -76.9274195]]
7,1:[[-77.03363499999999, 38.9004885], [-77.03362080000001, 38.9013403], [-77.0345981, 38.9013274], [-77.0345371, 38.9170072], [38.9170041, -77.0354021]]
7,2:[[-77.03363499999999, 38.9004885], [-77.0336334, 38.9024022], [-77.0270441, 38.902504], [-77.0270141, 38.9011801], [-77.0239881, 38.9020319], [-77.0219257, 38.9020951], [38.8980512, -77.01047969999999]]
7,3:[[-77.03363499999999, 38.9004885], [-77.03362080000001, 38.9013403], [-77.0345981, 38.9013274], [-77.03456039999999, 38.9065168], [-77.03610239999999, 38.90724700000001], [-77.0426854, 38.909475], [-77.04271899999999, 38.9095272], [-77.0441204, 38.9099739], [-77.0487043, 38.9114672], [38.9127553, -77.0474709]]
7,4:[[-77.03363499999999, 38.9004885], [-77.0336334, 38.9024022], [-77.0561089, 38.9026301], [-77.05610420000001, 38.9025256], [-77.0627556, 38.9025793], [38.9043801, -77.06278979999999]]
7,5:[[-77.03363499999999, 38.9004885], [-77.0336334, 38.9024022], [38.904168, -77.0328182]]
7,6:[[-77.03363499999999, 38.9004885], [-77.0336334, 38.9024022], [-77.0296374, 38.9025147], [-77.02964, 38.8998256], [-77.02598499999999, 38.8998131], [38.8968326, -77.02598960000002]]
7,8:[[-77.03363499999999, 38.9004885], [-77.0336334, 38.9024022], [-77.04370639999999, 38.9025277], [-77.0494404, 38.9026766], [-77.0506645, 38.9028788], [-77.0570238, 38.9049431], [-77.0570462, 38.9068628], [-77.0703017, 38.906715], [38.9060768, -77.070283]]
7,9:[[-77.03363499999999, 38.9004885], [-77.0336334, 38.9024022], [-77.03190409999999, 38.9025177], [38.9029264, -77.0318873]]
8,0:[[-77.070283, 38.9060768], [-77.07027699999999, 38.9058708], [-77.0678095, 38.9059314], [-77.067813, 38.9050797], [-77.0686314, 38.905055], [-77.0719611, 38.8990544], [-77.07167, 38.8928725], [-77.0715094, 38.8910838], [-77.0695678, 38.891328], [-77.0679414, 38.8903211], [-77.0430402, 38.871869], [-77.037219, 38.8782794], [-77.0181583, 38.8823579], [-76.9899106, 38.8721], [-76.9919595, 38.86582569999999], [-77.00027650000001, 38.8628414], [-76.93141829999999, 38.8418314], [-76.9322955, 38.8423139], [-76.9267912, 38.846397], [38.8467687, -76.9274195]]
8,1:[[-77.070283, 38.9060768], [-77.07027699999999, 38.9058708], [-77.0689642, 38.9058956], [-77.0691263, 38.9097006], [-77.0646208, 38.90979919999999], [-77.064921, 38.910381], [-77.04887459999999, 38.9111301], [-77.0411951, 38.9170225], [38.9170041, -77.0354021]]
8,2:[[-77.070283, 38.9060768], [-77.07027699999999, 38.9058708], [-77.065214, 38.9059813], [-77.06517439999999, 38.9051294], [-77.05796, 38.9052288], [-77.0507751, 38.9025131], [-77.0434741, 38.9002076], [-77.01521489999999, 38.8997817], [38.8980512, -77.01047969999999]]
8,3:[[-77.070283, 38.9060768], [-77.07027699999999, 38.9058708], [-77.0689642, 38.9058956], [-77.0691263, 38.9097006], [-77.0646208, 38.90979919999999], [-77.064921, 38.910381], [-77.04887459999999, 38.9111301], [38.9127553, -77.0474709]]
8,4:[[-77.070283, 38.9060768], [-77.07027699999999, 38.9058708], [-77.0628131, 38.9060304], [38.9043801, -77.06278979999999]]
8,5:[[-77.070283, 38.9060768], [-77.07027699999999, 38.9058708], [-77.065214, 38.9059813], [-77.06517439999999, 38.9051294], [-77.05796, 38.9052288], [-77.0507751, 38.9025131], [-77.0406442, 38.902405], [-77.03363259999999, 38.9025094], [38.904168, -77.0328182]]
8,6:[[-77.070283, 38.9060768], [-77.07027699999999, 38.9058708], [-77.065214, 38.9059813], [-77.06517439999999, 38.9051294], [-77.05796, 38.9052288], [-77.0507751, 38.9025131], [-77.0434741, 38.9002076], [-77.02598499999999, 38.8998131], [38.8968326, -77.02598960000002]]
8,7:[[-77.070283, 38.9060768], [-77.07027699999999, 38.9058708], [-77.065214, 38.9059813], [-77.06517439999999, 38.9051294], [-77.05796, 38.9052288], [-77.0507751, 38.9025131], [-77.0434741, 38.9002076], [-77.0336372, 38.9002146], [38.9004885, -77.03363499999999]]
8,9:[[-77.070283, 38.9060768], [-77.07027699999999, 38.9058708], [-77.065214, 38.9059813], [-77.06517439999999, 38.9051294], [-77.05796, 38.9052288], [-77.0507751, 38.9025131], [-77.0406442, 38.902405], [-77.03190409999999, 38.9025177], [38.9029264, -77.0318873]]
9,0:[[-77.0318873, 38.9029264], [-77.0319039, 38.9037461], [-77.02651689999999, 38.903755], [-77.02398629999999, 38.9029284], [-77.0221461, 38.9029543], [-77.0161852, 38.9048154], [-77.0127273, 38.8848797], [-77.0112551, 38.88203000000001], [-77.0026781, 38.8653314], [-76.93141829999999, 38.8418314], [-76.9322955, 38.8423139], [-76.9267912, 38.846397], [38.8467687, -76.9274195]]
9,1:[[-77.0318873, 38.9029264], [-77.0317378, 38.9053437], [-77.03456659999999, 38.9067395], [-77.0345371, 38.9170072], [38.9170041, -77.0354021]]
9,2:[[-77.0318873, 38.9029264], [-77.0318872, 38.9026439], [-77.0270441, 38.902504], [-77.0270141, 38.9011801], [-77.0239881, 38.9020319], [-77.0219257, 38.9020951], [38.8980512, -77.01047969999999]]
9,3:[[-77.0318873, 38.9029264], [-77.0317378, 38.9053437], [-77.0338798, 38.9063683], [-77.03610239999999, 38.90724700000001], [-77.0426854, 38.909475], [-77.04271899999999, 38.9095272], [-77.0441204, 38.9099739], [-77.0487043, 38.9114672], [38.9127553, -77.0474709]]
9,4:[[-77.0318873, 38.9029264], [-77.0319035, 38.901341], [-77.0345981, 38.9013274], [-77.0345718, 38.9024008], [-77.0561089, 38.9026301], [-77.05610420000001, 38.9025256], [-77.0627556, 38.9025793], [38.9043801, -77.06278979999999]]
9,5:[[-77.0318873, 38.9029264], [-77.0317378, 38.9053437], [-77.03226769999999, 38.9053288], [38.904168, -77.0328182]]
9,6:[[-77.0318873, 38.9029264], [-77.03188569999999, 38.9002229], [-77.02598499999999, 38.8998131], [38.8968326, -77.02598960000002]]
9,7:[[-77.0318873, 38.9029264], [-77.031893, 38.8994573], [-77.0336504, 38.8988543], [38.9004885, -77.03363499999999]]
9,8:[[-77.0318873, 38.9029264], [-77.0317378, 38.9053437], [-77.0581065, 38.905233], [-77.0581227, 38.906851], [-77.0703017, 38.906715], [38.9060768, -77.070283]]
